--------------- results of 2nd + 4th subproblem ---------------
alpha1 = {0.9315, -0.4767}
beta1 = {10, -18}
gamma1 = {-6, 12}
beta * ln2 + gamma = {0.931472, -0.476649}
H1 = {{1, 0.5}, {0.5, 0.333333}}
alpha2 = {0.98625, -0.8052, 0.3285}
beta2 = {75, -408, 390}
gamma2 = {-51, 282, -270}
beta * ln2 + gamma = {0.986039, -0.80405, 0.3274}
H2 = {{1, 0.5, 0.333333}, {0.5, 0.333333, 0.25}, {0.333333, 0.25, 0.2}}
alpha3 = {0.998733, -0.955, 0.703, -0.249667}
beta3 = {516, -5700, 13620, -8820}
gamma3 = {-356.667, 3950, -9440, 6113.33}
beta * ln2 + gamma = {0.997279, -0.938929, 0.664599, -0.224799}
H3 = {{1, 0.5, 0.333333, 0.25}, {0.5, 0.333333, 0.25, 0.2}, {0.333333, 0.25, 0.2, 0.166667}, {0.25, 0.2, 0.166667, 0.142857}}
alpha4 = {1.00908, -1.162, 1.6345, -1.69867, 0.7245}
beta4 = {3405, -63480, 273630, -413280, 202230}
gamma4 = {-2359.17, 44000, -189665, 286463, -140175}
beta * ln2 + gamma = {0.999483, -0.983022, 0.863017, -0.533448, 0.154325}
H4 = {{1, 0.5, 0.333333, 0.25, 0.2}, {0.5, 0.333333, 0.25, 0.2, 0.166667}, {0.333333, 0.25, 0.2, 0.166667, 0.142857}, {0.25, 0.2, 0.166667, 0.142857, 0.125}, {0.2, 0.166667, 0.142857, 0.125, 0.111111}}
alpha5 = {1.0617, -2.7405, 12.684, -31.164, 33.873, -13.2594}
beta5 = {21918, -618870, 4.16136e+06, -1.07806e+07, 1.18654e+07, -4.66528e+06}
gamma5 = {-15191.4, 428967, -2.88443e+06, 7.47251e+06, -8.22448e+06, 3.23372e+06}
beta * ln2 + gamma = {0.999904, -0.995633, 0.951295, -0.768857, 0.41916, -0.105934}
H5 = {{1, 0.5, 0.333333, 0.25, 0.2, 0.166667}, {0.5, 0.333333, 0.25, 0.2, 0.166667, 0.142857}, {0.333333, 0.25, 0.2, 0.166667, 0.142857, 0.125}, {0.25, 0.2, 0.166667, 0.142857, 0.125, 0.111111}, {0.2, 0.166667, 0.142857, 0.125, 0.111111, 0.1}, {0.166667, 0.142857, 0.125, 0.111111, 0.1, 0.0909091}}
alpha6 = {1.39125, -16.5816, 151.095, -584.808, 1071.96, -926.772, 304.504}
beta6 = {138775, -5.52686e+06, 5.32413e+07, -2.071e+08, 3.79965e+08, -3.28593e+08, 1.07976e+08}
gamma6 = {-96190.5, 3.83093e+06, -3.69041e+07, 1.43551e+08, -2.63372e+08, 2.27763e+08, -7.48432e+07}
beta * ln2 + gamma = {0.999982, -0.998938, 0.984346, -0.901062, 0.667044, -0.324072, 0.0727128}
H6 = {{1, 0.5, 0.333333, 0.25, 0.2, 0.166667, 0.142857}, {0.5, 0.333333, 0.25, 0.2, 0.166667, 0.142857, 0.125}, {0.333333, 0.25, 0.2, 0.166667, 0.142857, 0.125, 0.111111}, {0.25, 0.2, 0.166667, 0.142857, 0.125, 0.111111, 0.1}, {0.2, 0.166667, 0.142857, 0.125, 0.111111, 0.1, 0.0909091}, {0.166667, 0.142857, 0.125, 0.111111, 0.1, 0.0909091, 0.0833333}, {0.142857, 0.125, 0.111111, 0.1, 0.0909091, 0.0833333, 0.0769231}}
--------------- results of 5th subproblem ---------------
a1 = {0.9315, -0.4767}
a2 = {0.986248, -0.805191, 0.328491}
a3 = {0.998416, -0.951424, 0.694393, -0.244072}
a4 = {0.994862, -0.893607, 0.471413, 0.0631042, -0.139109}
a5 = {0.995676, -0.908099, 0.523036, 0.0247748, -0.182562, 0.0449795}
a6 = {0.997988, -0.938697, 0.582433, 0.0801935, -0.250541, -0.165638, 0.196227}
